中南院 356.0 100 200 30.0
25 22 7.50
109.0000 422.7500
8.00,0,2.5,2,1,0, ,序号,0-1.0,
11.0,0,2.5,2,1,0, ,杆塔号,0-1.0,
23.5,0,2.5,2,1,0, ,杆塔位置,0-1.0,
11.5,0,2.5,2,1,0, ,后侧档距,0-0.5,
15.0,4,1.5,2,3,0,/,耐张段长,代表档距,转角度数,1-1.0,
15.0,4,1.5,2,3,0,/,耐张段长,代表档距,盘长,1-1.0,
23.0,0,2.5,2,1,0, ,杆塔型号,0-1.0,
11.0,0,2.5,2,1,0, ,降基,0-1.0,
11.5,0,1.5,2,2,0,-,导线串A,导线串A数量,0-1.0,
7.50,0,1.5,2,2,0,-,跳线串A,跳线串A数量,0-1.0,
7.50,0,1.5,2,2,0,-,地线串A,地线串A数量,0-1.0,
7.50,0,1.5,2,2,0,-,地线串B,地线串B数量,0-1.0,
7.50,0,2.5,2,1,0, ,重锤片数,0-1.0,
7.50,0,2.5,2,1,0, ,接地装置,0-1.0,
7.50,0,2.5,2,1,0, ,间隔棒,0-0.5,
7.50,0,2.5,2,1,0, ,导线防震锤个数,0-0.5,
7.50,0,2.5,2,1,0, ,地线防震锤个数,0-0.5,
7.50,0,2.5,2,1,0, ,导地线接头,0-0.5,
69.0,0,2.5,1,1,0, ,交叉跨越,0-0.5,
34.0,0,2.5,1,1,0, ,处理意见,0-0.5,
33.0,0,2.5,1,1,0, ,备注,0-0.5,

        

