四川院 420 0 0 30.0
20 38 11.0
25.0000 225.000
13.0,0,2.5,2,1,0, ,覆冰风速,0-0.5,
10.0,0,2.5,2,1,0, ,序号,0-0.5,
12.0,0,2.5,2,1,0, ,运行编号,0-0.5,
11.0,0,2.5,2,1,0, ,杆塔号,0-0.5,
20.0,0,2.0,2,2,0,-,杆塔型号,呼高,0-0.5,
13.0,0,2.0,2,1,0, ,高程,0-0.5,
13.0,0,2.0,2,1,0, ,高差,0-0.5,
11.0,0,2.0,2,1,0, ,前侧档距,0-1.0,
11.0,0,2.0,2,1,0, ,水平档距,0-0.5,        
11.0,0,2.0,2,1,0, ,垂直档距,0-0.5, 
14.0,3,2.0,2,2,0,/,耐张段长,代表档距,1-0.5, 
17.0,3,2.0,2,2,0, ,转角度数,中心桩位移,1-0.5, 
9.00,0,2.0,2,1,0, ,接地装置,0-0.5, 
12.0,1,2.0,2,1,0, ,导线串A,0-0.25, 
12.0,1,2.0,2,1,0, ,导线串A片数,0-0.25,
12.0,1,2.0,2,1,0, ,导线串A数量,0-0.25,
-36, 0,2.0,2,1,0, ,后退,0-0.5,
12.0,0,2.0,2,1,0, ,导线串B,0-0.75, 
12.0,0,2.0,2,1,0, ,导线串B片数,0-0.75,
12.0,0,2.0,2,1,0, ,导线串B数量,0-0.75,   
12.0,1,2.0,2,1,0, ,地线串A,0-0.25, 
12.0,1,2.0,2,1,0, ,地线串A数量,0-0.25,
-24, 0,2.0,2,1,0, ,后退,0-0.5,
12.0,0,2.0,2,1,0, ,地线串B,0-0.75, 
12.0,0,2.0,2,1,0, ,地线串B数量,0-0.75,
12.0,1,2.0,2,1,0, ,导线后侧挂板倾角,0-0.25, 
12.0,1,2.0,2,1,0, ,地线后侧挂板倾角,0-0.25,
-24, 0,2.0,2,1,0, ,后退,0-0.5,
12.0,0,2.0,2,1,0, ,导线前侧挂板倾角,0-0.75, 
12.0,0,2.0,2,1,0, ,地线前侧挂板倾角,0-0.75,
12.0,0,2.0,2,1,0, ,导线后侧防震锤数量,0-0.25, 
12.0,0,2.0,2,1,0, ,地线后侧防震锤数量,0-0.25,
-24, 0,2.0,2,1,0, ,后退,0-0.5,
12.0,0,2.0,2,1,0, ,导线前侧防震锤数量,0-0.75, 
12.0,0,2.0,2,1,0, ,地线前侧防震锤数量,0-0.75,
15.0,0,2.0,2,1,0, ,间隔棒数量,0-1.0,
94.0,0,2.0,2,1,0, ,交叉跨越,0-0.5,
8.00,0,2.0,2,1,0, ,经过地名,0-0.5,